1548
1548
1547
1548
1576
1640
1575
1574
1562
1553
1551
1725
1640
1640
1670
1639
1642
1632
1733
1629
1540
1577
1550
1621
1531
1626
1707
1795
1712
1560
1623
1720
1822
1833
1783
1774
1784
1783
1753
1780
1623
1859
1702
1700
1632
1626
1626
1701
1854
1904
1838
1772
1702
1907
1922
1796
1761
1810
1680
1680
1881
1881
1860
1848
1851
2016
1995
2008
2015
2004
1904
1901
1814
1813
1813
1815
1737
1902
1852
1971
1724
1707
1706
1627
1700
1600
1600
1763
1686
1830
1797
1824
1897
1917
1916
1830
1863
1684
1636
1606
1637
1727
1698
1820
1746
1717
1606
1688
1521
1521
1719
1657
1607
1626
1674
1713
1713
1883
1935
1714
1789
1715
1788
1771
1939
1855
1854
1964
1817
1811
1928
1900
1774
1755
1849
1889
1997
2004
2175
1946
1965
1857
1934
2000
1968
2053
2141
2025
2106
2087
2087
2138
2049
2050
2008
1941
1812
1960
2157
2151
2238
2278
2106
2065
2119
2036
2036
1894
1951
1857
1708
1708
1708
1883
1883
1881
1955
1928
2015
1959
1866
1920
2116
1971
2183
2096
2028
2033
2032
1932
2005
1803
1867
1975
1891
1875
2008
2146
2032
2027
2015
1925
2059
2164
2152
2068
2035
2187
2085
2064
1985
2254
2097
2108
2136
1939
1937
2089
2062
1814
1804
1716
1727
1763
1753
1674
1674
1711
1572
1648
1657
1650
1549
1552
1537
1537
1537
1750
1780
1691
1662
1790
1781
1736
1706
1624
1622
1824
1877
1879
1761
1845
2127
2123
2145
2141
2135
2324
1995
2174
2174
2088
1956
1924
1946
1921
1814
1821
1821
1798
1866
1903
1872
1702
1643
1643
1737
1826
1781
1733
1781
1738
1734
1752
1778
1931
1805
1869
2018
1939
1927
1882
1994
2078
1990
1882
1707
1716
1747
1673
1917
1922
1924
1915
1914
1793
2081
2069
1917
1851
1881
1690
1698
1757
1678
1539
1628
1721
1990
1904
1820
1926
1872
2074
1986
2032
2060
2141
2231
2139
2241
2059
2134
2053
2119
2136
2122
2083
2111
2173
1972
2005
2016
1949
1959
1965
2068
2108
2048
1968
1981
1921
1822
1758
1781
1780
1756
1913
1815
1811
1811
1820
1886
1886
1982
1928
2013
2045
2073
2139
2139
2250
2137
1907
1908
1910
1996
1912
1901
1901
1803
1866
1779
1720
1670
1788
1779
1904
1902
1910
1838
1949
1965
1824
1679
1535
1609
1532
1711
1756
1618
1616
1684
1532
1591
1591
1768
1857
1788
1866
1958
2078
2078
1992
1978
1780
1758
1613
1588
1588
1529
1529
1529
1529
1529
1600
1529
1620
1529
1529
1733
1819
2010
1962
1916
1826
1812
1936
1884
1779
1847
1815
1662
1711
1599
1784
1727
1650
1608
1663
1743
1848
1728
1609
1543
1639
1633
1543
1760
1738
1636
1647
1585
1584
1584
1607
1607
1698
1869
1694
1695
1894
1958
1705
1773
1800
1888
1975
1969
1970
1999
1914
1757
1916
1751
1666
1752
1841
1964
1719
1735
1682
1621
1622
1568
1622
1632
1613
1679
1772
1705
1773
1782
1843
1994
1945
1914
2036
2031
2108
2017
2267
2290
2110
2143
2088
2048
1988
1934
2026
2001
2042
1975
2161
2142
2172
2165
2123
1983
2028
2080
2197
2140
2309
2214
2258
2251
2292
2365
2286
2188
2167
2105
2191
2143
2083
2073
2042
2076
2260
2194
1924
2005
1905
1891
1782
1784
1922
2155
2184
2149
2176
2159
2221
2233
2174
2124
2316
2228
2283
2147
2139
2076
2076
1995
1996
1988
2156
2056
2057
1889
1931
1831
1956
2004
2033
1939
1935
2133
2123
2126
2117
2118
2118
2174
2056
2025
2057
1893
1890
2029
1751
1830
1794
1719
1880
1883
1813
1719
1870
1908
1861
1719
1721
1615
1671
1529
1677
1673
1593
1587
1594
1545
1608
1942
1967
2042
2102
2040
2001
1876
1693
1798
1701
1643
1671
1655
1599
1609
1718
1718
1740
1735
1730
1741
1766
1688
1663
1742
1898
1838
1940
1864
1963
1849
1828
1847
1781
1766
1990
1923
1862
2035
2021
2124
1962
1888
1717
1716
1716
1856
1795
1764
1764
1895
1868
1883
1716
1732
1750
1851
1794
1951
1803
1816
1824
1764
1739
1739
1666
1788
1667
1666
1679
1521
1521
1564
1664
1953
1760
1785
1600
1532
1615
1532
1533
1606
1605
1605
1698
1698
1792
1819
1694
1733
1626
1541
1677
1776
1570
1562
1539
1540
1656
1745
1641
1643
1648
1698
1643
1654
1750
1897
1616
1755
1723
1584
1612
1617
1708
1721
1840
1885
1907
1933
1883
1849
1732
1676
1657
1702
1792
1828
1711
1736
1798
1885
1833
1832
1920
1957
1863
1679
1652
1718
1643
1688
1879
1960
1902
1748
1782
1704
1706
1916
1684
1772
1643
1534
1765
1734
1881
1897
1930
1905
1827
1842
1832
1832
1912
1916
2042
1932
1942
1895
1904
1834
1821
1821
1819
1857
1898
1897
1887
1966
1931
1933
1934
2117
1936
1787
2007
1950
1961
1883
1834
1854
1831
1679
1578
1536
1581
1581
1709
1642
1725
1859
1859
1823
1644
1746
1773
1767
1861
1930
1862
2077
1825
1867
1779
1961
1961
2011
1915
2017
2027
2050
2142
2076
1937
2076
1929
2048
2006
2006
2056
1974
1974
1938
1892
1857
1917
1921
1989
1892
1764
1951
1893
1848
1775
1782
1852
1916
1846
1894
1843
1677
1639
1619
1716
1610
1709
1864
1701
1629
1617
1594
1878
1867
1965
1971
2108
2106
2098
1903
1844
1697
1888
2147
2179
2110
2101
2148
1988
1921
1956
1831
1867
1737
1694
1722
1798
1720
1721
1866
1862
1723
1723
1718
1718
1963
1964
1893
1807
1807
1807
1880
1958
1792
1723
1843
1721
1721
1722
1809
1853
1780
1825
1840
1811
1675
1585
1527
1627
1671
1725
1897
1837
1750
1747
1848
1832
1946
1965
1878
1970
2044
2164
2240
2212
2238
2018
1943
1818
1771
1792
1700
1652
1656
1762
1795
1721
1956
1920
1827
1962
2036
1988
2071
1872
2111
1934
1866
2010
2148
2305
2172
2043
2165
2172
2014
2019
1919
2006
1996
1911
2008
2273
2183
2179
