0.7 0.2 0.01 0.001 9.0411e-09 10 
0.808217 0.0292909 0.00629326 0.001 9.0411e-09 10 
0.866951 0.081436 0.00629326 0.001 9.0411e-09 10 
0.677566 0.0922343 0.00407061 0.001 9.0411e-09 10 
0.747927 0.0838784 0.00407061 0.0013047 9.0411e-09 10 
0.76734 0.0654379 0.00979686 0.00176669 9.0411e-09 10 
0.677265 0.128551 0.00979686 0.00176669 9.0411e-09 10 
0.654691 0.125339 0.00618186 0.000787333 9.0411e-09 10 
0.538066 0.147209 0.00618186 0.000787333 9.0411e-09 10 
0.666393 0.101914 0.00618186 0.000787333 9.0411e-09 10 
0.697766 0.0640583 0.0130999 0.00134775 9.0411e-09 10 
0.757424 0.117351 0.0130999 0.00161118 9.0411e-09 10 
0.732753 0.121057 0.00852488 0.00161118 9.0411e-09 10 
0.676729 0.102652 0.00852488 0.00161118 9.0411e-09 10 
0.670871 0.0831547 0.0115848 0.00161118 9.0411e-09 10 
0.490415 0.063549 0.00670549 0.00161118 9.0411e-09 10 
0.637662 0.0312426 0.00670549 0.00182812 9.0411e-09 10 
0.766816 0.0840382 0.00670549 0.00327488 9.0411e-09 10 
0.643361 0.0671926 0.00584714 0.00420039 9.0411e-09 10 
0.726963 0.0629231 0.00591897 0.00436964 9.0411e-09 10 
0.655692 0.0857696 0.00591897 0.00301568 9.0411e-09 10 
0.717237 0.0923794 0.00591897 0.00301568 9.0411e-09 10 
0.716795 0.0789715 0.00559183 0.00545778 9.0411e-09 10 
0.580028 0.146691 0.00559183 0.00506214 9.0411e-09 10 
0.483928 0.126586 0.00903916 0.00472327 9.0411e-09 10 
0.580548 0.110074 0.0103243 0.00539123 9.0411e-09 10 
0.59021 0.109634 0.0105836 0.00566199 9.0411e-09 10 
0.591394 0.172029 0.0101013 0.00463985 9.0411e-09 10 
0.608558 0.139206 0.0106181 0.00464377 9.0411e-09 10 
0.544943 0.120841 0.0131079 0.00464377 9.0411e-09 10 
0.687169 0.131864 0.0131079 0.00422983 9.0411e-09 10 
0.671479 0.117825 0.0119496 0.00525505 9.0411e-09 10 
0.656192 0.113073 0.0119496 0.00686692 9.0411e-09 10 
0.60541 0.128469 0.0119496 0.00686692 9.0411e-09 10 
0.502628 0.131436 0.0119496 0.00723888 9.0411e-09 10 
0.600237 0.10395 0.00440324 0.00728966 9.0411e-09 10 
0.69867 0.137577 0.0117575 0.0069499 9.0411e-09 10 
0.675243 0.103419 0.0156943 0.00650066 9.0411e-09 10 
0.733868 0.14744 0.015056 0.00572047 9.0411e-09 10 
0.631071 0.216534 0.00689373 0.00483486 9.0411e-09 10 
0.656984 0.165925 0.0122158 0.00682277 9.0411e-09 10 
0.670805 0.0932097 0.00771714 0.00714459 9.0411e-09 10 
0.644355 0.101694 0.00816747 0.00714459 9.0411e-09 10 
0.681818 0.133261 0.00606397 0.00738609 9.0411e-09 10 
0.697875 0.1298 0.0101282 0.00630961 9.0411e-09 10 
0.674824 0.129486 0.0137585 0.00654972 9.0411e-09 10 
0.595615 0.169881 0.0174459 0.0070185 9.0411e-09 10 
0.590532 0.104644 0.0142084 0.00787246 9.0411e-09 10 
0.564403 0.109055 0.0142084 0.006579 9.0411e-09 10 
0.64968 0.142508 0.0142084 0.00575725 9.0411e-09 10 
0.55083 0.170138 0.0141418 0.00687757 9.0411e-09 10 
0.609059 0.236889 0.0141418 0.00639785 9.0411e-09 10 
0.476544 0.202736 0.0133594 0.00660839 9.0411e-09 10 
0.48075 0.193875 0.0147092 0.00624572 9.0411e-09 10 
0.52497 0.176978 0.0147092 0.00440161 9.0411e-09 10 
0.607271 0.140347 0.0101122 0.0043639 9.0411e-09 10 
0.472561 0.172359 0.00722182 0.00433276 9.0411e-09 10 
0.579866 0.17647 0.0013847 0.00498573 9.0411e-09 10 
0.675411 0.187302 0.000814276 0.00609326 9.0411e-09 10 
0.512913 0.154035 0.000814276 0.00581021 9.0411e-09 10 
0.570638 0.232195 0.000814276 0.00565403 9.0411e-09 10 
0.363464 0.268257 0.000814276 0.0074891 9.0411e-09 10 
0.480753 0.264871 0.000814276 0.00791643 9.0411e-09 10 
0.399446 0.237934 0.00506609 0.00863301 9.0411e-09 10 
0.571691 0.179403 0.00238528 0.0081778 9.0411e-09 10 
0.539827 0.185557 0.00238528 0.00851721 9.0411e-09 10 
0.454285 0.20831 0.000752464 0.00705679 9.0411e-09 10 
0.521624 0.195968 0.000752464 0.00620253 9.0411e-09 10 
0.412438 0.257249 0.00256592 0.00646321 9.0411e-09 10 
0.463875 0.251243 0.00256592 0.00749645 9.0411e-09 10 
0.534296 0.213524 0.00256592 0.00664166 9.0411e-09 10 
0.46768 0.171711 0.00256592 0.00751017 9.0411e-09 10 
0.470506 0.167371 0.00256592 0.00609844 9.0411e-09 10 
0.509459 0.20974 0.00152909 0.00609844 9.0411e-09 10 
0.574858 0.239546 0.00152909 0.00583556 9.0411e-09 10 
0.542222 0.193904 0.00152909 0.00482703 9.0411e-09 10 
0.438833 0.161746 0.00152909 0.00482703 9.0411e-09 10 
0.488062 0.178747 0.0021636 0.0040083 9.0411e-09 10 
0.442036 0.179261 0.00139344 0.00440084 9.0411e-09 10 
0.429437 0.129522 0.00139344 0.00440084 9.0411e-09 10 
0.592698 0.160968 0.00249067 0.0038307 9.0411e-09 10 
0.539131 0.110723 0.00355305 0.00293687 9.0411e-09 10 
0.630933 0.141667 0.00682679 0.00444797 9.0411e-09 10 
0.616414 0.267286 0.00682679 0.00482054 9.0411e-09 10 
0.688578 0.163259 0.00226205 0.00601077 9.0411e-09 10 
0.581998 0.122033 0.00230174 0.00649117 9.0411e-09 10 
0.6307 0.173787 0.00230174 0.0064353 9.0411e-09 10 
0.618787 0.17296 0.00230174 0.00596897 9.0411e-09 10 
0.645619 0.205453 0.00230174 0.00594628 9.0411e-09 10 
0.561863 0.269692 0.00230174 0.00537924 9.0411e-09 10 
0.562865 0.233768 0.00230174 0.0040636 9.0411e-09 10 
0.56755 0.276828 0.0019911 0.00382472 9.0411e-09 10 
0.457885 0.222365 0.000633518 0.00672602 9.0411e-09 10 
0.428578 0.244853 0.000633518 0.00667382 9.0411e-09 10 
0.54469 0.211992 0.00404809 0.00705579 9.0411e-09 10 
0.565797 0.158989 0.00404809 0.00739747 9.0411e-09 10 
0.41708 0.129245 0.00404809 0.00868412 9.0411e-09 10 
0.553662 0.206099 0.00404809 0.00876013 9.0411e-09 10 
0.551776 0.19776 0.00490524 0.00813114 9.0411e-09 10 
0.475234 0.216577 0.00432218 0.00813114 9.0411e-09 10 
0.57336 0.178219 0.00432218 0.00916882 9.0411e-09 10 
0.630783 0.202352 0.00432218 0.00773821 9.0411e-09 10 
0.6242 0.161342 0.00432218 0.00920257 9.0411e-09 10 
0.587702 0.186729 0.00432218 0.00769363 9.0411e-09 10 
0.496961 0.151501 0.00432218 0.00871514 9.0411e-09 10 
0.459003 0.165971 0.00061938 0.0100988 9.0411e-09 10 
0.56374 0.14533 0.00061938 0.00848178 9.0411e-09 10 
0.425858 0.182952 0.00061938 0.00901097 9.0411e-09 10 
0.447041 0.131109 0.00061938 0.0106598 9.0411e-09 10 
0.627288 0.156299 0.000841679 0.0109325 9.0411e-09 10 
0.627604 0.169559 0.000841679 0.0110258 9.0411e-09 10 
0.53233 0.192558 0.000841679 0.010996 9.0411e-09 10 
0.547001 0.174906 0.000841679 0.0118332 9.0411e-09 10 
0.630151 0.149158 0.000841679 0.0109381 9.0411e-09 10 
0.64336 0.140543 0.000841679 0.00996555 9.0411e-09 10 
0.500202 0.220931 0.000841679 0.00932858 9.0411e-09 10 
0.528615 0.19334 0.000841679 0.00773321 9.0411e-09 10 
0.584075 0.146493 0.000841679 0.00726289 9.0411e-09 10 
0.455679 0.186529 0.000841679 0.00631278 9.0411e-09 10 
0.516798 0.129792 0.000841679 0.00631278 9.0411e-09 10 
0.68648 0.131574 0.000841679 0.00563952 9.0411e-09 10 
0.581153 0.128644 0.000841679 0.00596359 9.0411e-09 10 
0.607784 0.212335 0.000841679 0.00602411 9.0411e-09 10 
0.547065 0.176593 0.000841679 0.00561183 9.0411e-09 10 
0.586083 0.196417 0.000841679 0.00639786 9.0411e-09 10 
0.539207 0.174345 0.000841679 0.00632771 9.0411e-09 10 
0.369378 0.225889 0.000841679 0.00797927 9.0411e-09 10 
0.474207 0.202449 0.000841679 0.00702183 9.0411e-09 10 
0.570436 0.160444 0.000841679 0.00566777 9.0411e-09 10 
0.5697 0.207118 0.000841679 0.00510674 9.0411e-09 10 
0.400537 0.146885 0.000841679 0.00523841 9.0411e-09 10 
0.503856 0.195308 0.000841679 0.00516056 9.0411e-09 10 
0.455144 0.166853 0.000841679 0.00447702 9.0411e-09 10 
0.648299 0.19149 0.000841679 0.00447702 9.0411e-09 10 
0.56845 0.201431 0.000841679 0.00501802 9.0411e-09 10 
0.478764 0.177284 0.000841679 0.00729216 9.0411e-09 10 
0.553163 0.180824 0.000841679 0.00754844 9.0411e-09 10 
0.511758 0.196737 0.000841679 0.00754844 9.0411e-09 10 
0.387528 0.186425 0.000841679 0.0078378 9.0411e-09 10 
0.508222 0.209271 0.000841679 0.00951826 9.0411e-09 10 
0.464245 0.268344 0.000841679 0.0102323 9.0411e-09 10 
0.510362 0.193926 0.00110608 0.0132141 9.0411e-09 10 
0.546705 0.189885 0.000373686 0.0109933 9.0411e-09 10 
0.56008 0.114736 0.000373686 0.0111158 9.0411e-09 10 
0.387119 0.278804 0.000373686 0.0111606 9.0411e-09 10 
0.382337 0.301623 0.000373686 0.0111606 9.0411e-09 10 
0.439425 0.227055 0.000373686 0.0116595 9.0411e-09 10 
0.57455 0.209956 0.000373686 0.0117745 9.0411e-09 10 
0.449728 0.141171 0.000373686 0.0123484 9.0411e-09 10 
0.405565 0.155169 0.000373686 0.0122275 9.0411e-09 10 
0.351086 0.183012 0.000373686 0.0123063 9.0411e-09 10 
0.434104 0.227684 0.000373686 0.0112753 9.0411e-09 10 
0.419036 0.246513 0.000373686 0.0120787 9.0411e-09 10 
0.48018 0.24212 0.000373686 0.0130745 9.0411e-09 10 
0.430989 0.182533 0.00105972 0.0124506 9.0411e-09 10 
0.402593 0.194175 0.00105972 0.0118642 9.0411e-09 10 
0.480112 0.20032 0.00105972 0.0115463 9.0411e-09 10 
0.545799 0.191876 0.00289846 0.0133198 9.0411e-09 10 
0.538632 0.205108 0.00289846 0.0138418 9.0411e-09 10 
0.344818 0.224796 0.00289846 0.0139642 9.0411e-09 10 
0.385773 0.324027 0.00289846 0.0131805 9.0411e-09 10 
0.455611 0.232258 0.00289846 0.0121028 9.0411e-09 10 
0.411503 0.182562 0.00289846 0.013781 9.0411e-09 10 
0.48534 0.219478 0.00289846 0.0126749 9.0411e-09 10 
0.465478 0.193831 0.00289846 0.0133684 9.0411e-09 10 
0.509909 0.20467 0.00289846 0.0135003 9.0411e-09 10 
0.445382 0.157122 0.00197274 0.0139704 9.0411e-09 10 
0.537985 0.212053 0.0016823 0.0148058 9.0411e-09 10 
0.469908 0.184984 0.00228398 0.0138484 9.0411e-09 10 
0.582491 0.135778 9.95423e-05 0.0124799 9.0411e-09 10 
0.643808 0.155133 9.95423e-05 0.0124799 9.0411e-09 10 
0.621348 0.161725 9.95423e-05 0.0141352 9.0411e-09 10 
0.706113 0.162606 9.95423e-05 0.0144642 9.0411e-09 10 
0.672042 0.186586 9.95423e-05 0.0123628 9.0411e-09 10 
0.632341 0.159036 0.000835681 0.0123911 9.0411e-09 10 
0.620508 0.165254 0.00228557 0.0130631 9.0411e-09 10 
0.525239 0.129361 0.00228557 0.0150377 9.0411e-09 10 
0.644611 0.186619 0.00228557 0.0151842 9.0411e-09 10 
0.571786 0.148494 0.00228557 0.0143081 9.0411e-09 10 
0.503751 0.17931 0.00228557 0.0152847 9.0411e-09 10 
0.509734 0.214347 0.00228557 0.0149019 9.0411e-09 10 
0.588389 0.204604 0.00360832 0.0151384 9.0411e-09 10 
0.593682 0.210164 0.00701519 0.0181523 9.0411e-09 10 
0.549281 0.177355 0.00789199 0.0172983 9.0411e-09 10 
0.551871 0.325746 0.00497614 0.016605 9.0411e-09 10 
0.484858 0.240846 0.00362674 0.0160365 9.0411e-09 10 
0.419822 0.242364 0.00362674 0.0172802 9.0411e-09 10 
0.559956 0.127663 0.00354578 0.016849 9.0411e-09 10 
0.508499 0.147106 0.00975665 0.0178004 9.0411e-09 10 
0.400172 0.14242 0.00747754 0.0191042 9.0411e-09 10 
0.552202 0.202636 0.00747754 0.0191042 9.0411e-09 10 
0.681916 0.195027 0.00465406 0.018486 9.0411e-09 10 
0.653624 0.178478 0.00465406 0.0180363 9.0411e-09 10 
0.798168 0.214533 0.00465406 0.0183252 9.0411e-09 10 
0.74281 0.160518 0.00403736 0.0185569 9.0411e-09 10 
0.672394 0.15779 0.00403736 0.0177537 9.0411e-09 10 
0.539011 0.141546 0.00315188 0.0177537 9.0411e-09 10 
0.560457 0.198847 0.00315188 0.0175634 9.0411e-09 10 
0.480981 0.18397 0.00627169 0.0193746 9.0411e-09 10 
0.566303 0.176881 0.0026589 0.0176784 9.0411e-09 10 
0.615493 0.167455 0.00233943 0.0171306 9.0411e-09 10 
0.623225 0.236528 0.00233943 0.0166929 9.0411e-09 10 
0.625436 0.195183 0.00233943 0.0162667 9.0411e-09 10 
0.463161 0.175246 0.00233943 0.0170741 9.0411e-09 10 
0.514417 0.220404 0.00233943 0.0176394 9.0411e-09 10 
0.468998 0.181453 0.00233943 0.020807 9.0411e-09 10 
0.468108 0.226736 0.00233943 0.0204106 9.0411e-09 10 
0.482277 0.178994 0.00146105 0.0197758 9.0411e-09 10 
0.640151 0.173863 0.00146105 0.0193336 9.0411e-09 10 
0.596887 0.132835 0.00146105 0.0188138 9.0411e-09 10 
0.562383 0.198882 0.00256695 0.0185171 9.0411e-09 10 
0.654883 0.232234 0.00323059 0.0191362 9.0411e-09 10 
0.597046 0.231718 0.00533014 0.0196226 9.0411e-09 10 
0.450148 0.161259 0.00533014 0.0184875 9.0411e-09 10 
0.433691 0.225671 0.00533014 0.0191513 9.0411e-09 10 
0.575746 0.14849 0.00533014 0.0190844 9.0411e-09 10 
0.631153 0.172851 0.00533014 0.019423 9.0411e-09 10 
0.487314 0.195607 0.00533014 0.0181234 9.0411e-09 10 
0.423759 0.189469 0.00533014 0.0173866 9.0411e-09 10 
0.589897 0.174103 0.00761874 0.017671 9.0411e-09 10 
0.555339 0.150775 0.00194307 0.0177098 9.0411e-09 10 
0.558006 0.162148 0.00194307 0.01719 9.0411e-09 10 
0.534996 0.145439 0.00231606 0.0159974 9.0411e-09 10 
0.52368 0.208639 0.00231606 0.0159974 9.0411e-09 10 
0.526051 0.191205 0.00231606 0.0161248 9.0411e-09 10 
0.487227 0.209041 0.00231606 0.0157077 9.0411e-09 10 
0.58859 0.237991 0.00231606 0.0169184 9.0411e-09 10 
0.572435 0.204485 0.00231745 0.0170844 9.0411e-09 10 
0.522371 0.290209 0.00231745 0.0177987 9.0411e-09 10 
0.54509 0.196484 0.00231745 0.0181257 9.0411e-09 10 
0.55282 0.227293 0.00565679 0.0188269 9.0411e-09 10 
0.567792 0.231084 0.00632241 0.0189399 9.0411e-09 10 
0.669632 0.154453 0.00632241 0.0190604 9.0411e-09 10 
0.763082 0.0768277 0.00632241 0.0211921 9.0411e-09 10 
0.624315 0.162289 0.00600201 0.0220705 9.0411e-09 10 
0.726516 0.0703181 0.00600201 0.0226577 9.0411e-09 10 
0.731711 0.120786 0.00095814 0.0230191 9.0411e-09 10 
0.670469 0.183585 0.00200285 0.0230191 9.0411e-09 10 
0.447798 0.154107 0.00272124 0.0219108 9.0411e-09 10 
0.558757 0.185251 0.00272124 0.0226454 9.0411e-09 10 
0.576582 0.184539 0.00222492 0.0241899 9.0411e-09 10 
0.542365 0.16152 0.00168545 0.0250229 9.0411e-09 10 
0.574325 0.212372 0.00168545 0.0232355 9.0411e-09 10 
0.630191 0.147389 0.00168545 0.023322 9.0411e-09 10 
0.671405 0.141932 0.00125121 0.0227131 9.0411e-09 10 
0.64443 0.14575 0.00129725 0.0228684 9.0411e-09 10 
0.683828 0.245186 0.00129725 0.0238133 9.0411e-09 10 
0.629252 0.156782 0.00636059 0.023491 9.0411e-09 10 
0.611572 0.182302 0.00439446 0.0240089 9.0411e-09 10 
0.440198 0.158463 0.00538635 0.0230026 9.0411e-09 10 
0.564632 0.168446 0.00538635 0.0229842 9.0411e-09 10 
0.641181 0.19376 0.00318569 0.0223783 9.0411e-09 10 
0.5532 0.155751 0.00533964 0.0222243 9.0411e-09 10 
0.549341 0.139572 0.00533964 0.0220109 9.0411e-09 10 
0.439219 0.146939 0.00533964 0.02194 9.0411e-09 10 
0.479802 0.151452 0.00533964 0.0211848 9.0411e-09 10 
0.584107 0.17746 0.00226893 0.0221037 9.0411e-09 10 
0.5263 0.151239 0.00519717 0.0220558 9.0411e-09 10 
0.541415 0.0830712 0.00207936 0.0236889 9.0411e-09 10 
0.619387 0.0836297 0.00207936 0.0220053 9.0411e-09 10 
0.538232 0.165096 0.00207936 0.0209257 9.0411e-09 10 
0.56522 0.0906902 0.00207936 0.0206886 9.0411e-09 10 
0.549477 0.136067 0.00198276 0.0199779 9.0411e-09 10 
0.650111 0.117726 0.00454618 0.0202424 9.0411e-09 10 
0.661504 0.202807 0.00343928 0.0181388 9.0411e-09 10 
0.69655 0.207293 0.00343928 0.0165298 9.0411e-09 10 
0.629433 0.129409 0.00343928 0.0164611 9.0411e-09 10 
0.588655 0.13987 0.00318213 0.0168222 9.0411e-09 10 
0.753149 0.159007 0.00318213 0.0169854 9.0411e-09 10 
0.650905 0.106744 0.00318213 0.0163792 9.0411e-09 10 
0.642345 0.145011 0.00318213 0.0152307 9.0411e-09 10 
0.654861 0.186557 0.00318213 0.0134417 9.0411e-09 10 
0.640887 0.211301 0.00318213 0.013009 9.0411e-09 10 
0.624419 0.153127 0.00318213 0.014453 9.0411e-09 10 
0.797436 0.176264 0.00318213 0.0138293 9.0411e-09 10 
0.701238 0.12651 0.00318213 0.0137219 9.0411e-09 10 
0.573319 0.188923 0.000238823 0.0149375 9.0411e-09 10 
0.592265 0.196676 0.00425508 0.015888 9.0411e-09 10 
0.700521 0.123844 0.00425508 0.0173721 9.0411e-09 10 
0.599854 0.178029 0.0029951 0.0168135 9.0411e-09 10 
0.671652 0.109293 0.0029951 0.0153358 9.0411e-09 10 
0.535138 0.0991689 0.00621778 0.0160198 9.0411e-09 10 
0.704978 0.149183 0.00621778 0.0173401 9.0411e-09 10 
0.680863 0.164149 0.00447617 0.0172218 9.0411e-09 10 
0.655674 0.198046 0.00447617 0.0180639 9.0411e-09 10 
0.55752 0.209358 0.00447617 0.0179196 9.0411e-09 10 
0.540363 0.187829 0.00588764 0.0188861 9.0411e-09 10 
0.564315 0.169957 0.00588764 0.0173603 9.0411e-09 10 
0.513135 0.188517 0.00588764 0.018731 9.0411e-09 10 
0.549708 0.111594 0.00588764 0.018556 9.0411e-09 10 
0.552411 0.143904 0.00453374 0.0172335 9.0411e-09 10 
0.588472 0.158573 0.00453374 0.0166399 9.0411e-09 10 
0.553329 0.141011 0.00453374 0.0153942 9.0411e-09 10 
0.470363 0.177996 0.00453374 0.017248 9.0411e-09 10 
0.532709 0.117561 0.0106634 0.0161249 9.0411e-09 10 
0.596421 0.127705 0.00858431 0.0173666 9.0411e-09 10 
0.71139 0.174597 0.00858431 0.0170539 9.0411e-09 10 
0.626843 0.172073 0.00930044 0.0159642 9.0411e-09 10 
0.709543 0.180706 0.0101482 0.0147556 9.0411e-09 10 
0.673398 0.131727 0.00762271 0.0145633 9.0411e-09 10 
0.615806 0.150155 0.0103015 0.0136809 9.0411e-09 10 
0.78432 0.131982 0.00544783 0.0120327 9.0411e-09 10 
0.712486 0.111375 0.0112968 0.0122213 9.0411e-09 10 
0.668206 0.153234 0.00901341 0.0135947 9.0411e-09 10 
0.644343 0.212539 0.0106118 0.0147959 9.0411e-09 10 
0.684835 0.205353 0.0106118 0.0144837 9.0411e-09 10 
0.721026 0.0994026 0.0109371 0.0134103 9.0411e-09 10 
0.568204 0.169066 0.0110043 0.0122867 9.0411e-09 10 
0.588783 0.230801 0.00771787 0.011282 9.0411e-09 10 
0.482724 0.21504 0.00771787 0.010576 9.0411e-09 10 
0.537797 0.110704 0.00408854 0.00904331 9.0411e-09 10 
0.551762 0.190516 0.00408854 0.0103907 9.0411e-09 10 
0.718222 0.203109 0.00408854 0.00848731 9.0411e-09 10 
0.519036 0.150807 0.00425635 0.00841464 9.0411e-09 10 
0.547075 0.258751 0.00330838 0.00788811 9.0411e-09 10 
0.545601 0.183134 0.00330838 0.00867161 9.0411e-09 10 
0.456828 0.230197 0.00330838 0.00798081 9.0411e-09 10 
0.647884 0.222526 0.00330838 0.00843829 9.0411e-09 10 
0.57304 0.204402 0.00330838 0.00855087 9.0411e-09 10 
0.514647 0.175827 0.00330838 0.00915821 9.0411e-09 10 
0.52414 0.122987 0.00330838 0.00915821 9.0411e-09 10 
0.618517 0.160131 0.00330838 0.00994843 9.0411e-09 10 
0.589231 0.219724 0.00330838 0.0120962 9.0411e-09 10 
0.484047 0.155909 0.00330838 0.0124092 9.0411e-09 10 
0.583657 0.0860037 0.00330838 0.0123843 9.0411e-09 10 
0.656744 0.123431 0.00255838 0.0131459 9.0411e-09 10 
0.52086 0.15045 0.00255838 0.0146844 9.0411e-09 10 
0.492681 0.126431 0.00255838 0.0153768 9.0411e-09 10 
0.513525 0.198808 0.00958789 0.0160854 9.0411e-09 10 
0.664469 0.195462 0.00958789 0.0171416 9.0411e-09 10 
0.492491 0.17314 0.00958789 0.0159531 9.0411e-09 10 
0.608443 0.154121 0.00958789 0.0166602 9.0411e-09 10 
0.638439 0.156174 0.00958789 0.0188086 9.0411e-09 10 
0.581816 0.110658 0.00958789 0.0186726 9.0411e-09 10 
0.646849 0.210624 0.00791601 0.0179401 9.0411e-09 10 
0.592548 0.137594 0.00791601 0.01826 9.0411e-09 10 
0.585338 0.174026 0.00791601 0.0188911 9.0411e-09 10 
0.637057 0.12691 0.00521449 0.0189077 9.0411e-09 10 
0.49685 0.124083 0.00377413 0.0185834 9.0411e-09 10 
0.542263 0.259368 0.00377413 0.0201949 9.0411e-09 10 
0.541732 0.170036 0.00377413 0.0186697 9.0411e-09 10 
0.460898 0.185114 0.00377413 0.0209409 9.0411e-09 10 
0.659561 0.141923 0.00481869 0.02259 9.0411e-09 10 
0.604852 0.181838 0.00481869 0.0231258 9.0411e-09 10 
0.658251 0.114959 0.00641197 0.0237892 9.0411e-09 10 
0.550697 0.118381 0.00641197 0.023179 9.0411e-09 10 
0.657781 0.106168 0.011471 0.0238821 9.0411e-09 10 
0.702322 0.123387 0.011471 0.0235563 9.0411e-09 10 
0.578909 0.117447 0.0119622 0.022777 9.0411e-09 10 
0.58572 0.205818 0.0119622 0.0228667 9.0411e-09 10 
0.523881 0.180239 0.0119622 0.0244132 9.0411e-09 10 
0.657493 0.12169 0.0119622 0.0250404 9.0411e-09 10 
0.643587 0.14128 0.0103079 0.0262986 9.0411e-09 10 
0.590515 0.151195 0.0103079 0.0272292 9.0411e-09 10 
0.636612 0.179176 0.0103079 0.027387 9.0411e-09 10 
0.713951 0.173409 0.00833708 0.0261664 9.0411e-09 10 
0.805803 0.199969 0.00833708 0.0254339 9.0411e-09 10 
0.705606 0.131906 0.0100085 0.0254339 9.0411e-09 10 
0.544052 0.123343 0.00953315 0.0266211 9.0411e-09 10 
0.561336 0.226952 0.00539767 0.027142 9.0411e-09 10 
0.540554 0.115531 0.00618469 0.0269783 9.0411e-09 10 
0.625666 0.133415 0.00754624 0.0256972 9.0411e-09 10 
0.54087 0.0868145 0.00756182 0.025601 9.0411e-09 10 
0.596942 0.102265 0.00756182 0.0270333 9.0411e-09 10 
0.525068 0.11609 0.00679694 0.0272656 9.0411e-09 10 
0.610406 0.15434 0.00561209 0.0271839 9.0411e-09 10 
0.655866 0.132514 0.00561209 0.0275237 9.0411e-09 10 
0.636115 0.12476 0.00561209 0.0281993 9.0411e-09 10 
0.577368 0.115187 0.00616151 0.027092 9.0411e-09 10 
0.553624 0.165402 0.00616151 0.0263533 9.0411e-09 10 
0.650676 0.0824927 0.00616151 0.0267438 9.0411e-09 10 
0.68716 0.133665 0.00702958 0.0260209 9.0411e-09 10 
0.673561 0.150778 0.00983433 0.026523 9.0411e-09 10 
0.579242 0.0741178 0.0114378 0.0261877 9.0411e-09 10 
0.649251 0.130971 0.0114378 0.0261205 9.0411e-09 10 
0.577781 0.0683629 0.012493 0.0268572 9.0411e-09 10 
0.678634 0.159216 0.00954973 0.0263328 9.0411e-09 10 
0.67861 0.122351 0.00954973 0.0279773 9.0411e-09 10 
0.616789 0.141948 0.00318075 0.0276103 9.0411e-09 10 
0.691369 0.168934 0.00622082 0.0268818 9.0411e-09 10 
0.534903 0.10699 0.00622082 0.0264824 9.0411e-09 10 
0.640982 0.162226 0.00622082 0.0263433 9.0411e-09 10 
0.795725 0.154849 0.00622082 0.0255765 9.0411e-09 10 
0.732344 0.145719 0.00892334 0.0252665 9.0411e-09 10 
0.784816 0.0799386 0.00991312 0.0260877 9.0411e-09 10 
0.627745 0.0719715 0.00991312 0.0260877 9.0411e-09 10 
0.641327 0.126363 0.00991312 0.0270965 9.0411e-09 10 
0.562013 0.146942 0.00750653 0.025373 9.0411e-09 10 
0.616161 0.213729 0.00750653 0.0257791 9.0411e-09 10 
0.590243 0.216103 0.00480465 0.0254777 9.0411e-09 10 
0.568298 0.180295 0.00480465 0.0256118 9.0411e-09 10 
0.607839 0.173281 0.00480465 0.0260899 9.0411e-09 10 
0.609681 0.102912 0.00480465 0.0251776 9.0411e-09 10 
0.661585 0.137956 0.00480465 0.0261145 9.0411e-09 10 
0.671501 0.113852 0.00478391 0.0259599 9.0411e-09 10 
0.746712 0.119276 0.00375676 0.0258895 9.0411e-09 10 
0.733585 0.145641 0.0040399 0.0246847 9.0411e-09 10 
0.748799 0.100383 0.0040399 0.0247936 9.0411e-09 10 
0.64195 0.172127 0.0040399 0.0235517 9.0411e-09 10 
0.727369 0.132248 0.000908772 0.0238261 9.0411e-09 10 
0.577576 0.0974203 0.000908772 0.023735 9.0411e-09 10 
0.667451 0.148174 0.000908772 0.0234806 9.0411e-09 10 
0.519786 0.154565 0.000908772 0.0239774 9.0411e-09 10 
0.765138 0.129303 0.000908772 0.0238685 9.0411e-09 10 
0.576642 0.119244 0.000908772 0.0231906 9.0411e-09 10 
0.630999 0.142422 0.000483976 0.0218689 9.0411e-09 10 
0.525028 0.220221 0.000483976 0.0210022 9.0411e-09 10 
0.714144 0.156639 0.00294089 0.0220577 9.0411e-09 10 
0.520472 0.195979 0.00447674 0.0218731 9.0411e-09 10 
0.423862 0.176215 0.00447674 0.0215365 9.0411e-09 10 
0.619459 0.181913 0.00128207 0.0214083 9.0411e-09 10 
0.531324 0.169932 0.00119485 0.0189837 9.0411e-09 10 
0.473124 0.245969 0.00119485 0.0186036 9.0411e-09 10 
0.505834 0.192146 0.00159699 0.0176712 9.0411e-09 10 
0.491726 0.224402 0.00159699 0.0168463 9.0411e-09 10 
0.609355 0.176987 0.00159699 0.0170979 9.0411e-09 10 
0.538173 0.150105 0.00159699 0.0152338 9.0411e-09 10 
0.622779 0.0586076 0.00159699 0.0144706 9.0411e-09 10 
0.556709 0.141451 0.00105209 0.0142221 9.0411e-09 10 
0.657435 0.138071 0.00105209 0.0147443 9.0411e-09 10 
0.647351 0.173467 0.000134912 0.0140114 9.0411e-09 10 
0.665546 0.111927 0.000134912 0.0135186 9.0411e-09 10 
0.626547 0.231158 0.000134912 0.0127626 9.0411e-09 10 
0.677233 0.0893096 0.000134912 0.0121344 9.0411e-09 10 
0.712652 0.112691 0.000134912 0.0123483 9.0411e-09 10 
0.614447 0.128214 0.00238298 0.0124944 9.0411e-09 10 
0.635918 0.211111 0.00238298 0.0124394 9.0411e-09 10 
0.614634 0.130293 0.00238298 0.012552 9.0411e-09 10 
0.611817 0.201163 0.00238298 0.0127539 9.0411e-09 10 
0.616877 0.187755 0.00238298 0.0131778 9.0411e-09 10 
0.620622 0.196052 0.00238298 0.0140422 9.0411e-09 10 
0.556417 0.180875 0.00238298 0.0128334 9.0411e-09 10 
0.416188 0.233202 0.00238298 0.0128067 9.0411e-09 10 
0.470736 0.220894 0.00254365 0.0109175 9.0411e-09 10 
0.372191 0.215238 0.00254365 0.0110662 9.0411e-09 10 
0.442895 0.244579 0.00254365 0.00994833 9.0411e-09 10 
0.514334 0.194725 0.0044154 0.0105374 9.0411e-09 10 
0.540906 0.210206 0.0044154 0.0102508 9.0411e-09 10 
0.478546 0.139192 0.0044154 0.00993037 9.0411e-09 10 
0.539495 0.18092 0.00539098 0.0093888 9.0411e-09 10 
0.533432 0.232351 0.00539098 0.0106349 9.0411e-09 10 
0.653646 0.176225 0.00514688 0.00986449 9.0411e-09 10 
0.612453 0.129393 0.00347106 0.00908387 9.0411e-09 10 
0.54633 0.188552 0.00347106 0.00764133 9.0411e-09 10 
0.66804 0.157298 0.00347106 0.00733086 9.0411e-09 10 
0.672936 0.151444 0.00347106 0.00706347 9.0411e-09 10 
0.500089 0.144514 0.00446803 0.00731182 9.0411e-09 10 
0.533631 0.15788 0.00446803 0.00775553 9.0411e-09 10 
0.549468 0.213605 0.00446803 0.00742131 9.0411e-09 10 
0.604071 0.154829 0.00446803 0.00674125 9.0411e-09 10 
0.596893 0.197242 0.00446803 0.00549335 9.0411e-09 10 
0.566216 0.237696 0.00446803 0.00615332 9.0411e-09 10 
0.40445 0.226775 0.00446803 0.007509 9.0411e-09 10 
0.570364 0.252658 0.00486358 0.00791401 9.0411e-09 10 
0.541054 0.118022 0.00231291 0.00791401 9.0411e-09 10 
0.678146 0.194233 0.00231291 0.00791401 9.0411e-09 10 
0.5261 0.131812 0.00405155 0.00642847 9.0411e-09 10 
0.530847 0.203261 0.00405155 0.00677783 9.0411e-09 10 
0.579719 0.153778 0.00178123 0.00718261 9.0411e-09 10 
0.484947 0.210202 0.00178123 0.00757319 9.0411e-09 10 
0.561898 0.182872 0.000443835 0.00757114 9.0411e-09 10 
0.573503 0.26155 9.71072e-05 0.00898331 9.0411e-09 10 
0.518548 0.148085 3.26717e-05 0.00898331 9.0411e-09 10 
0.636247 0.142882 3.26717e-05 0.00950517 9.0411e-09 10 
0.63491 0.236366 3.26717e-05 0.00963938 9.0411e-09 10 
0.574685 0.20977 3.26717e-05 0.00972372 9.0411e-09 10 
0.62597 0.206114 3.26717e-05 0.00972372 9.0411e-09 10 
0.486762 0.189972 3.26717e-05 0.0099088 9.0411e-09 10 
0.505597 0.209474 3.26717e-05 0.0111878 9.0411e-09 10 
0.611143 0.210956 3.26717e-05 0.0111622 9.0411e-09 10 
0.528141 0.268625 3.26717e-05 0.0135849 9.0411e-09 10 
0.460344 0.242036 3.26717e-05 0.0145031 9.0411e-09 10 
0.446743 0.232653 3.26717e-05 0.0145031 9.0411e-09 10 
0.650589 0.171864 3.26717e-05 0.0142434 9.0411e-09 10 
0.604696 0.13801 0.00154934 0.0124035 9.0411e-09 10 
0.462754 0.176338 0.00376888 0.0136851 9.0411e-09 10 
0.476282 0.199025 0.00376888 0.0138041 9.0411e-09 10 
0.574332 0.229749 0.00444663 0.0138876 9.0411e-09 10 
0.399424 0.163626 0.00444663 0.0125484 9.0411e-09 10 
0.519306 0.304359 0.00444663 0.0132957 9.0411e-09 10 
0.477992 0.202206 0.00147281 0.0131684 9.0411e-09 10 
0.517181 0.284465 0.00202054 0.0114555 9.0411e-09 10 
0.47677 0.279278 0.00390726 0.0100054 9.0411e-09 10 
0.520163 0.171438 0.00390726 0.0100054 9.0411e-09 10 
0.555892 0.30983 0.00390726 0.0110402 9.0411e-09 10 
0.621291 0.191644 0.00345476 0.0116777 9.0411e-09 10 
0.639308 0.193541 0.00345476 0.0116777 9.0411e-09 10 
0.654607 0.15759 0.00345476 0.0132507 9.0411e-09 10 
0.467765 0.180773 0.00234097 0.0125044 9.0411e-09 10 
0.452134 0.186235 0.00171066 0.0133591 9.0411e-09 10 
0.553708 0.217427 0.00171066 0.0135151 9.0411e-09 10 
0.466061 0.222033 0.00171066 0.0132219 9.0411e-09 10 
0.588151 0.208836 0.00171066 0.0143069 9.0411e-09 10 
0.481252 0.189078 0.00171066 0.0127212 9.0411e-09 10 
0.55705 0.183031 0.00171066 0.0129335 9.0411e-09 10 
0.523919 0.262536 0.00171066 0.0121266 9.0411e-09 10 
0.584286 0.260624 0.00171066 0.0125958 9.0411e-09 10 
0.527152 0.253076 0.00171066 0.0125958 9.0411e-09 10 
0.649446 0.20247 0.00171066 0.0135549 9.0411e-09 10 
0.592736 0.205767 0.0026646 0.0143111 9.0411e-09 10 
0.622621 0.15454 0.0026646 0.0143111 9.0411e-09 10 
0.558017 0.222329 0.00240849 0.0160895 9.0411e-09 10 
0.507321 0.145546 0.00287808 0.0161804 9.0411e-09 10 
0.573293 0.118414 0.00287808 0.0161804 9.0411e-09 10 
0.670863 0.193806 0.00288165 0.015875 9.0411e-09 10 
0.669315 0.234569 0.0081008 0.0181497 9.0411e-09 10 
0.494342 0.178923 0.0081008 0.0170142 9.0411e-09 10 
0.516408 0.207736 0.0076826 0.018834 9.0411e-09 10 
0.493279 0.208249 0.0054114 0.0185193 9.0411e-09 10 
0.531909 0.197478 0.0054114 0.0178325 9.0411e-09 10 
0.427201 0.153317 0.0054114 0.0191687 9.0411e-09 10 
0.535704 0.160366 0.00425934 0.0181997 9.0411e-09 10 
0.470349 0.220513 0.00425934 0.0189008 9.0411e-09 10 
0.443202 0.221352 0.00635831 0.0198641 9.0411e-09 10 
0.525164 0.214973 0.00412939 0.0187003 9.0411e-09 10 
0.405226 0.161418 0.00412939 0.0199473 9.0411e-09 10 
0.570612 0.199168 0.00412939 0.0200482 9.0411e-09 10 
0.548816 0.172167 0.00412939 0.0210594 9.0411e-09 10 
0.532524 0.154004 0.00412939 0.0182658 9.0411e-09 10 
0.646952 0.153131 0.00412939 0.0170586 9.0411e-09 10 
0.555077 0.225443 0.00767768 0.0170427 9.0411e-09 10 
0.678481 0.1161 0.00394728 0.0188135 9.0411e-09 10 
0.551428 0.186057 0.00759028 0.018858 9.0411e-09 10 
0.410733 0.177803 0.00387804 0.019096 9.0411e-09 10 
0.520603 0.21041 0.00387804 0.0194909 9.0411e-09 10 
0.628218 0.162282 0.00709404 0.0186209 9.0411e-09 10 
0.464352 0.171699 0.00709404 0.0195679 9.0411e-09 10 
0.486743 0.137707 0.00621818 0.0196457 9.0411e-09 10 
0.511273 0.164362 0.00621818 0.0193871 9.0411e-09 10 
0.488312 0.195297 0.00136801 0.017971 9.0411e-09 10 
0.449359 0.230476 0.00136801 0.0168611 9.0411e-09 10 
0.428042 0.18842 0.00136801 0.0163168 9.0411e-09 10 
0.535167 0.210007 0.00136801 0.0162957 9.0411e-09 10 
0.496962 0.220319 0.00136801 0.0163758 9.0411e-09 10 
0.347687 0.228691 0.00210657 0.0160271 9.0411e-09 10 
0.502104 0.298001 0.00210657 0.017776 9.0411e-09 10 
0.358163 0.34338 0.00327331 0.0183092 9.0411e-09 10 
0.378261 0.237347 0.00327331 0.0164928 9.0411e-09 10 
0.381383 0.294323 0.00327331 0.0171273 9.0411e-09 10 
0.356066 0.209658 0.00327331 0.0173141 9.0411e-09 10 
0.379958 0.222578 0.00327331 0.0160085 9.0411e-09 10 
0.457971 0.188423 0.00327331 0.0166102 9.0411e-09 10 
0.452666 0.210986 0.00327331 0.0145898 9.0411e-09 10 
0.424882 0.271073 0.00327331 0.0153086 9.0411e-09 10 
0.471134 0.25045 0.00189442 0.0156842 9.0411e-09 10 
0.403781 0.240135 0.00189442 0.0155471 9.0411e-09 10 
0.475747 0.211459 0.00189442 0.0162153 9.0411e-09 10 
0.452414 0.211209 0.00189442 0.0164826 9.0411e-09 10 
0.501155 0.231127 0.00189442 0.0163289 9.0411e-09 10 
0.373026 0.192102 0.00189442 0.0173879 9.0411e-09 10 
0.50267 0.221429 0.00189442 0.0157088 9.0411e-09 10 
0.585468 0.229319 0.00189442 0.0165657 9.0411e-09 10 
0.51855 0.170478 0.00189442 0.0147709 9.0411e-09 10 
0.612104 0.182819 0.00134655 0.0142049 9.0411e-09 10 
0.525635 0.123371 0.00126134 0.0136512 9.0411e-09 10 
0.594269 0.178659 0.00181547 0.0147277 9.0411e-09 10 
0.595752 0.196153 0.00181547 0.0145514 9.0411e-09 10 
0.526249 0.205722 0.00181547 0.0148269 9.0411e-09 10 
0.585658 0.197274 0.00181547 0.014271 9.0411e-09 10 
0.560723 0.270043 0.00117211 0.0139114 9.0411e-09 10 
0.467395 0.211673 0.00117211 0.0141794 9.0411e-09 10 
0.577481 0.211796 0.00200921 0.015323 9.0411e-09 10 
0.520282 0.177405 0.00044492 0.0151182 9.0411e-09 10 
0.485714 0.212702 0.00044492 0.0140659 9.0411e-09 10 
0.398741 0.285232 0.00044492 0.0132694 9.0411e-09 10 
0.45234 0.207862 0.00044492 0.0132694 9.0411e-09 10 
0.416433 0.181004 0.00044492 0.0149511 9.0411e-09 10 
0.52167 0.185403 0.00044492 0.0158251 9.0411e-09 10 
0.561778 0.208075 0.00044492 0.0152314 9.0411e-09 10 
0.453552 0.181757 0.00044492 0.0146553 9.0411e-09 10 
0.538104 0.181962 0.00044492 0.014605 9.0411e-09 10 
0.540959 0.207651 0.00044492 0.0140184 9.0411e-09 10 
0.474353 0.239547 0.00044492 0.0132292 9.0411e-09 10 
0.597448 0.193182 0.000695639 0.0143377 9.0411e-09 10 
0.618491 0.141841 0.000695639 0.0131007 9.0411e-09 10 
0.505767 0.0931503 0.000695639 0.0134313 9.0411e-09 10 
0.563618 0.219767 0.000695639 0.0140653 9.0411e-09 10 
0.556678 0.167471 0.000695639 0.0139469 9.0411e-09 10 
0.435792 0.0908207 0.000695639 0.0126677 9.0411e-09 10 
0.579022 0.100311 0.000695639 0.0113453 9.0411e-09 10 
0.514696 0.17438 0.00316727 0.0113705 9.0411e-09 10 
0.654003 0.0943979 0.00316727 0.0117312 9.0411e-09 10 
0.514619 0.154629 0.00316727 0.0120968 9.0411e-09 10 
0.561249 0.113912 0.00316727 0.0135834 9.0411e-09 10 
0.51349 0.160884 0.00257648 0.0138326 9.0411e-09 10 
0.476444 0.22872 0.00121197 0.0143332 9.0411e-09 10 
0.499033 0.238329 0.0011399 0.0142266 9.0411e-09 10 
0.380514 0.270221 0.0011399 0.0146514 9.0411e-09 10 
0.491192 0.22005 0.0011399 0.0144646 9.0411e-09 10 
0.496818 0.136834 0.00153674 0.0147638 9.0411e-09 10 
0.473189 0.191309 0.00153674 0.0149938 9.0411e-09 10 
0.524005 0.194416 0.00153674 0.0153973 9.0411e-09 10 
0.600166 0.20908 0.00153674 0.016266 9.0411e-09 10 
0.57075 0.18158 0.00153674 0.0153461 9.0411e-09 10 
0.520992 0.154332 0.00153674 0.0155309 9.0411e-09 10 
0.538683 0.146977 0.00837603 0.015629 9.0411e-09 10 
0.583751 0.155446 0.0114865 0.0143323 9.0411e-09 10 
0.636554 0.219424 0.0127379 0.0143541 9.0411e-09 10 
0.628146 0.156655 0.00625611 0.0144557 9.0411e-09 10 
0.709004 0.149503 0.00705471 0.0138455 9.0411e-09 10 
0.620382 0.0771105 0.00705471 0.0136779 9.0411e-09 10 
0.457069 0.15537 0.00705471 0.0135807 9.0411e-09 10 
0.712839 0.10429 0.00715723 0.0130793 9.0411e-09 10 
0.672716 0.146248 0.00715723 0.0125696 9.0411e-09 10 
0.508268 0.0915424 0.00715723 0.013466 9.0411e-09 10 
0.526004 0.163976 0.0114409 0.0134139 9.0411e-09 10 
0.624554 0.212134 0.0114409 0.0146168 9.0411e-09 10 
0.569646 0.155457 0.00405511 0.0140066 9.0411e-09 10 
0.605173 0.145379 0.00405511 0.0152108 9.0411e-09 10 
0.715494 0.119241 0.00405511 0.0142382 9.0411e-09 10 
0.531975 0.161085 0.00405511 0.0140027 9.0411e-09 10 
0.637586 0.155886 0.00405511 0.0144599 9.0411e-09 10 
0.555581 0.158808 0.00587896 0.0159083 9.0411e-09 10 
0.73265 0.138236 0.0062231 0.0152007 9.0411e-09 10 
0.735286 0.207091 0.00448516 0.0153724 9.0411e-09 10 
0.634274 0.103072 0.0018812 0.0156881 9.0411e-09 10 
0.716036 0.156114 0.00769675 0.0153924 9.0411e-09 10 
0.606283 0.102156 0.00384461 0.0160588 9.0411e-09 10 
0.636658 0.116064 0.00384461 0.015826 9.0411e-09 10 
0.78009 0.217285 0.0101027 0.0159432 9.0411e-09 10 
0.632134 0.151014 0.0101027 0.0157879 9.0411e-09 10 
0.652438 0.131797 0.00688468 0.0158695 9.0411e-09 10 
0.632794 0.176059 0.00688468 0.0159737 9.0411e-09 10 
0.627321 0.200518 0.0075172 0.0155186 9.0411e-09 10 
0.572419 0.184963 0.0075172 0.015008 9.0411e-09 10 
0.465882 0.15346 0.0075172 0.0169815 9.0411e-09 10 
0.524209 0.101286 0.0075172 0.017926 9.0411e-09 10 
0.487176 0.170943 0.0075172 0.0171645 9.0411e-09 10 
0.441085 0.204971 0.0075172 0.0162606 9.0411e-09 10 
0.729871 0.139596 0.0075172 0.0172843 9.0411e-09 10 
0.645175 0.0913351 0.0075172 0.0171221 9.0411e-09 10 
0.551127 0.122328 0.0116318 0.0157697 9.0411e-09 10 
0.545482 0.162287 0.0116318 0.0151439 9.0411e-09 10 
0.609162 0.166692 0.0116318 0.0141253 9.0411e-09 10 
0.609198 0.177957 0.00764738 0.0136525 9.0411e-09 10 
0.561264 0.149401 0.00741509 0.0109909 9.0411e-09 10 
0.644042 0.203969 0.00487299 0.0111254 9.0411e-09 10 
0.571042 0.172562 0.00487299 0.0107771 9.0411e-09 10 
0.677104 0.134058 0.00487299 0.0103886 9.0411e-09 10 
0.681521 0.115838 0.0105606 0.00962228 9.0411e-09 10 
0.714738 0.125921 0.0105606 0.00956855 9.0411e-09 10 
0.63391 0.11737 0.0105606 0.00986903 9.0411e-09 10 
0.626053 0.224332 0.0126722 0.0100676 9.0411e-09 10 
0.70794 0.160474 0.00851196 0.0100676 9.0411e-09 10 
0.676331 0.20685 0.0076228 0.0105472 9.0411e-09 10 
0.684575 0.128123 0.0076228 0.0100449 9.0411e-09 10 
0.599026 0.183859 0.0076228 0.0102029 9.0411e-09 10 
0.683668 0.191659 0.0113821 0.00922443 9.0411e-09 10 
0.602408 0.221098 0.0108966 0.00932197 9.0411e-09 10 
0.663933 0.141421 0.0108966 0.00709535 9.0411e-09 10 
0.804464 0.198932 0.0108966 0.00803941 9.0411e-09 10 
0.556539 0.158362 0.0108966 0.00956294 9.0411e-09 10 
0.594527 0.185728 0.0108966 0.00958531 9.0411e-09 10 
0.645091 0.153929 0.00791559 0.00965499 9.0411e-09 10 
0.566233 0.109454 0.0112538 0.0101089 9.0411e-09 10 
0.673024 0.191128 0.00833836 0.0110719 9.0411e-09 10 
0.668671 0.102586 0.00833836 0.0112381 9.0411e-09 10 
0.600433 0.194321 0.00695729 0.0110014 9.0411e-09 10 
0.607197 0.11742 0.00695729 0.0116626 9.0411e-09 10 
0.554956 0.101575 0.00488983 0.0110585 9.0411e-09 10 
0.648588 0.144695 0.00488983 0.00988736 9.0411e-09 10 
0.692825 0.166245 0.00488983 0.00828846 9.0411e-09 10 
0.637452 0.212726 0.00387715 0.00967546 9.0411e-09 10 
0.70938 0.14348 0.00387715 0.0104693 9.0411e-09 10 
0.472522 0.1789 0.00387715 0.00999455 9.0411e-09 10 
0.554095 0.169893 0.00387715 0.00943059 9.0411e-09 10 
0.502398 0.176624 0.00204389 0.00911399 9.0411e-09 10 
0.612747 0.195508 0.000566616 0.00850921 9.0411e-09 10 
0.604493 0.126855 0.000566616 0.0078634 9.0411e-09 10 
0.651769 0.141232 0.000566616 0.00760283 9.0411e-09 10 
0.549509 0.230307 0.000674266 0.00798127 9.0411e-09 10 
0.523556 0.198328 0.000674266 0.00815263 9.0411e-09 10 
0.45702 0.242537 0.000509196 0.0085162 9.0411e-09 10 
0.591532 0.191468 0.000509196 0.00915762 9.0411e-09 10 
0.486235 0.228609 0.000509196 0.00915762 9.0411e-09 10 
0.521368 0.127861 0.000509196 0.00994645 9.0411e-09 10 
0.513166 0.144724 0.000509196 0.00966045 9.0411e-09 10 
0.593583 0.216208 0.000509196 0.0101617 9.0411e-09 10 
0.44689 0.1368 0.000509196 0.0101367 9.0411e-09 10 
0.433238 0.224456 0.000509196 0.00914196 9.0411e-09 10 
0.369936 0.299107 0.000509196 0.00851907 9.0411e-09 10 
0.509396 0.247284 0.000509196 0.0077104 9.0411e-09 10 
0.631217 0.165314 0.000509196 0.00769558 9.0411e-09 10 
0.51858 0.253809 0.000509196 0.00761735 9.0411e-09 10 
0.410449 0.155269 0.000509196 0.00670143 9.0411e-09 10 
0.448476 0.204306 0.000509196 0.00691371 9.0411e-09 10 
0.501463 0.223135 0.000509196 0.00686176 9.0411e-09 10 
0.440514 0.169544 0.000509196 0.00686176 9.0411e-09 10 
0.633916 0.140903 0.000509196 0.0080354 9.0411e-09 10 
0.535648 0.165408 0.000640218 0.00781626 9.0411e-09 10 
0.613918 0.240064 0.000640218 0.00802944 9.0411e-09 10 
0.524563 0.26459 0.000640218 0.00643216 9.0411e-09 10 
0.508463 0.204256 0.000640218 0.00580393 9.0411e-09 10 
0.546182 0.153821 0.000640218 0.00513622 9.0411e-09 10 
0.569744 0.131118 0.00192263 0.00640963 9.0411e-09 10 
0.706099 0.179021 0.0013762 0.00622896 9.0411e-09 10 
0.567868 0.210305 0.0013762 0.00706298 9.0411e-09 10 
0.663563 0.183938 0.0013762 0.00768682 9.0411e-09 10 
0.447876 0.224531 0.0013762 0.00714763 9.0411e-09 10 
0.542664 0.240509 0.000864355 0.00819658 9.0411e-09 10 
0.578958 0.13073 0.000864355 0.00825141 9.0411e-09 10 
0.501409 0.194571 0.00213457 0.00731778 9.0411e-09 10 
0.701841 0.164161 0.00213457 0.00731778 9.0411e-09 10 
0.531757 0.116543 0.00213457 0.00713251 9.0411e-09 10 
0.581498 0.145597 0.00213457 0.00636083 9.0411e-09 10 
0.621646 0.175358 0.00213457 0.00557227 9.0411e-09 10 
0.636858 0.0928693 0.00207086 0.0062365 9.0411e-09 10 
0.61678 0.201173 0.00207086 0.00627125 9.0411e-09 10 
0.681304 0.144485 0.0020264 0.00696839 9.0411e-09 10 
0.595163 0.168858 0.0020264 0.00849845 9.0411e-09 10 
0.482159 0.164297 0.00280338 0.00739777 9.0411e-09 10 
0.642529 0.141261 0.000573436 0.00743052 9.0411e-09 10 
0.688151 0.162991 0.00104785 0.00742812 9.0411e-09 10 
0.611158 0.184639 0.00104785 0.00733609 9.0411e-09 10 
0.620691 0.114958 0.00102292 0.00746722 9.0411e-09 10 
0.695307 0.173372 0.00459164 0.0077787 9.0411e-09 10 
0.72853 0.227655 0.0029846 0.00800656 9.0411e-09 10 
0.543592 0.194551 0.0018274 0.00808773 9.0411e-09 10 
0.440755 0.19783 0.00205833 0.00940124 9.0411e-09 10 
0.660009 0.139243 0.00205833 0.00947304 9.0411e-09 10 
0.670684 0.196214 0.00263089 0.00947304 9.0411e-09 10 
0.57448 0.106224 0.00187 0.00856194 9.0411e-09 10 
0.684001 0.116048 0.00187 0.00811217 9.0411e-09 10 
0.639363 0.146281 0.00187 0.00762278 9.0411e-09 10 
0.536012 0.248568 0.00187 0.00762278 9.0411e-09 10 
0.499904 0.161201 0.00189524 0.00782484 9.0411e-09 10 
0.491965 0.218427 0.000771549 0.0081551 9.0411e-09 10 
0.51309 0.245018 0.000771549 0.00985886 9.0411e-09 10 
0.583095 0.155797 0.000771549 0.00965257 9.0411e-09 10 
0.631923 0.12462 0.000771549 0.010443 9.0411e-09 10 
0.50065 0.148242 0.000771549 0.0103817 9.0411e-09 10 
0.477411 0.188138 0.000771549 0.0112318 9.0411e-09 10 
0.532031 0.189184 0.00109167 0.0112318 9.0411e-09 10 
0.51522 0.222397 0.010323 0.0112318 9.0411e-09 10 
0.579949 0.170496 0.010323 0.011585 9.0411e-09 10 
0.554459 0.199276 0.00493659 0.00992488 9.0411e-09 10 
0.625253 0.209101 0.00448267 0.00970173 9.0411e-09 10 
0.687422 0.170539 0.00168026 0.00893921 9.0411e-09 10 
0.570199 0.169687 0.00168026 0.00825587 9.0411e-09 10 
0.535246 0.180965 0.00445226 0.00661721 9.0411e-09 10 
0.657448 0.223876 0.00445226 0.00661721 9.0411e-09 10 
0.596046 0.222281 0.00445226 0.00671861 9.0411e-09 10 
0.595756 0.226506 0.00439256 0.00847167 9.0411e-09 10 
0.380048 0.153893 0.00439256 0.00950283 9.0411e-09 10 
0.468742 0.212436 0.00439256 0.00941011 9.0411e-09 10 
0.540672 0.191042 0.00204618 0.0072058 9.0411e-09 10 
0.481285 0.225809 0.00204618 0.00703049 9.0411e-09 10 
0.391629 0.357087 0.00204618 0.00837323 9.0411e-09 10 
0.536772 0.295408 0.00318481 0.0088625 9.0411e-09 10 
0.532662 0.265527 0.00318481 0.00852142 9.0411e-09 10 
0.63027 0.186243 0.00318481 0.00768657 9.0411e-09 10 
0.619328 0.115262 0.00203143 0.00826302 9.0411e-09 10 
0.453314 0.17971 0.00203143 0.00697913 9.0411e-09 10 
0.471461 0.180459 0.00203143 0.00848155 9.0411e-09 10 
0.61525 0.169961 0.00203143 0.00776448 9.0411e-09 10 
0.488953 0.171602 0.00437276 0.00972858 9.0411e-09 10 
0.561902 0.21802 0.00437276 0.00872691 9.0411e-09 10 
0.590663 0.213231 0.00437276 0.00846442 9.0411e-09 10 
0.441701 0.223964 0.0070363 0.00977095 9.0411e-09 10 
0.441771 0.242852 0.0070363 0.00983896 9.0411e-09 10 
0.459504 0.201563 0.0070363 0.010052 9.0411e-09 10 
0.4967 0.176763 0.0070363 0.0104124 9.0411e-09 10 
0.671037 0.17526 0.0103631 0.00873319 9.0411e-09 10 
0.599612 0.220788 0.0103631 0.00892631 9.0411e-09 10 
0.702169 0.145505 0.00936328 0.00845106 9.0411e-09 10 
0.615947 0.124043 0.00532407 0.00951864 9.0411e-09 10 
0.598793 0.112318 0.00570907 0.00951864 9.0411e-09 10 
0.706252 0.164368 0.00901609 0.00918238 9.0411e-09 10 
0.540099 0.174497 0.00390866 0.00975469 9.0411e-09 10 
0.405009 0.208331 0.0105683 0.00879617 9.0411e-09 10 
0.572924 0.110701 0.00902853 0.00939736 9.0411e-09 10 
0.630793 0.136277 0.0115559 0.00925538 9.0411e-09 10 
0.657645 0.18497 0.00791808 0.0105765 9.0411e-09 10 
0.676244 0.11701 0.00987786 0.0100478 9.0411e-09 10 
0.571738 0.1527 0.00987786 0.00839243 9.0411e-09 10 
0.583428 0.137154 0.00827688 0.00793669 9.0411e-09 10 
0.62496 0.126922 0.00827688 0.00779551 9.0411e-09 10 
0.519144 0.191587 0.00491612 0.00779551 9.0411e-09 10 
0.684753 0.126588 0.00638847 0.00660839 9.0411e-09 10 
0.596593 0.131541 0.00638847 0.00600168 9.0411e-09 10 
0.604821 0.1538 0.00638847 0.00455808 9.0411e-09 10 
0.670731 0.176982 0.00417539 0.00337441 9.0411e-09 10 
0.757239 0.127864 0.00546586 0.00242606 9.0411e-09 10 
0.693102 0.204101 0.00538099 0.00238316 9.0411e-09 10 
0.611407 0.150755 0.00538099 0.00238316 9.0411e-09 10 
0.718029 0.161751 0.00538099 0.00187911 9.0411e-09 10 
0.651261 0.119917 0.00538099 0.00155354 9.0411e-09 10 
0.597158 0.164015 0.0157292 0.00157427 9.0411e-09 10 
0.606374 0.106974 0.0121323 0.00157427 9.0411e-09 10 
0.639661 0.177195 0.0121323 0.00174308 9.0411e-09 10 
0.65905 0.172851 0.0121323 0.0018448 9.0411e-09 10 
0.556827 0.158333 0.00931008 0.00196396 9.0411e-09 10 
0.582466 0.123263 0.016833 0.00196396 9.0411e-09 10 
0.64125 0.233746 0.0101713 0.00196396 9.0411e-09 10 
0.547309 0.212252 0.0090032 0.00328265 9.0411e-09 10 
0.57655 0.139016 0.016719 0.00269428 9.0411e-09 10 
0.623571 0.195459 0.016719 0.00242004 9.0411e-09 10 
0.604491 0.121398 0.0188496 0.00243363 9.0411e-09 10 
0.750659 0.151905 0.019786 0.0037994 9.0411e-09 10 
0.753818 0.128085 0.0136328 0.00375749 9.0411e-09 10 
0.678394 0.0929529 0.0136328 0.00475231 9.0411e-09 10 
0.483453 0.113444 0.0113305 0.00416856 9.0411e-09 10 
0.65042 0.160507 0.00837936 0.00383815 9.0411e-09 10 
0.734703 0.201463 0.00925183 0.00402782 9.0411e-09 10 
0.619436 0.171748 0.00925183 0.00390932 9.0411e-09 10 
0.592228 0.157641 0.0133569 0.0040425 9.0411e-09 10 
0.664046 0.225141 0.0133569 0.00281768 9.0411e-09 10 
0.637018 0.115722 0.00882512 0.00337205 9.0411e-09 10 
0.475241 0.107454 0.00882512 0.00324635 9.0411e-09 10 
0.544943 0.198742 0.00564342 0.00324635 9.0411e-09 10 
0.680415 0.130307 0.00421268 0.00289139 9.0411e-09 10 
0.621921 0.135856 0.00700668 0.00328653 9.0411e-09 10 
0.695403 0.191729 0.00441691 0.00328653 9.0411e-09 10 
0.613113 0.201448 0.00441691 0.00308244 9.0411e-09 10 
0.587256 0.186063 0.00786907 0.00314112 9.0411e-09 10 
0.627658 0.181893 0.0115077 0.00314112 9.0411e-09 10 
0.719151 0.0982003 0.0115077 0.00400352 9.0411e-09 10 
0.54172 0.158417 0.00957347 0.00297028 9.0411e-09 10 
0.683291 0.146628 0.00957347 0.00226529 9.0411e-09 10 
0.598896 0.0847568 0.00975557 0.00358248 9.0411e-09 10 
0.623275 0.086455 0.00975557 0.00358248 9.0411e-09 10 
0.709641 0.150125 0.00975557 0.00275649 9.0411e-09 10 
0.631211 0.107088 0.00975557 0.00262838 9.0411e-09 10 
0.582845 0.104411 0.00975557 0.0025156 9.0411e-09 10 
0.702249 0.151079 0.0114424 0.00126016 9.0411e-09 10 
0.610834 0.108329 0.0118135 0.00172725 9.0411e-09 10 
0.626835 0.13318 0.00795344 0.0016093 9.0411e-09 10 
0.460478 0.128222 0.0134008 0.00239816 9.0411e-09 10 
0.576746 0.226971 0.0134008 0.00172551 9.0411e-09 10 
0.567825 0.151604 0.0122028 0.00135752 9.0411e-09 10 
0.529733 0.143221 0.0122028 0.00135752 9.0411e-09 10 
0.634229 0.106355 0.0135565 0.00135752 9.0411e-09 10 
0.650478 0.177078 0.0135565 0.00233506 9.0411e-09 10 
0.555468 0.196233 0.0135565 0.00197877 9.0411e-09 10 
0.54738 0.23978 0.0135565 0.00184649 9.0411e-09 10 
0.536619 0.132453 0.0170227 0.00418912 9.0411e-09 10 
0.608754 0.158018 0.0170227 0.00346001 9.0411e-09 10 
0.524405 0.124741 0.0202255 0.00352519 9.0411e-09 10 
0.747337 0.139105 0.0202947 0.00414221 9.0411e-09 10 
0.628852 0.137051 0.0202947 0.00476419 9.0411e-09 10 
0.76182 0.105109 0.0169566 0.00488528 9.0411e-09 10 
0.499639 0.122803 0.0209306 0.00482797 9.0411e-09 10 
0.555432 0.158166 0.0209306 0.00537655 9.0411e-09 10 
0.635819 0.175169 0.0208603 0.00501532 9.0411e-09 10 
0.463161 0.135798 0.0201251 0.00454683 9.0411e-09 10 
0.495854 0.211371 0.0201583 0.00488809 9.0411e-09 10 
0.492557 0.117126 0.01062 0.00398487 9.0411e-09 10 
0.517222 0.131265 0.01062 0.00438908 9.0411e-09 10 
0.551698 0.126315 0.0133018 0.00422898 9.0411e-09 10 
0.526315 0.0913648 0.017192 0.00330686 9.0411e-09 10 
0.560153 0.122219 0.017192 0.00362128 9.0411e-09 10 
0.494831 0.156321 0.017192 0.00322389 9.0411e-09 10 
0.603441 0.10408 0.017192 0.00187504 9.0411e-09 10 
0.687717 0.140085 0.0145505 0.00187504 9.0411e-09 10 
0.615656 0.117081 0.0145505 0.00381954 9.0411e-09 10 
0.511019 0.122199 0.0176276 0.00396936 9.0411e-09 10 
0.71019 0.158569 0.0176276 0.00426814 9.0411e-09 10 
0.49323 0.131301 0.0176276 0.00425571 9.0411e-09 10 
0.502289 0.134525 0.015415 0.00421342 9.0411e-09 10 
0.602632 0.10895 0.00898899 0.0049703 9.0411e-09 10 
0.599573 0.1092 0.00898899 0.00458367 9.0411e-09 10 
0.620244 0.0951614 0.00898899 0.00544487 9.0411e-09 10 
0.552712 0.160093 0.00898899 0.00610416 9.0411e-09 10 
0.534259 0.149717 0.0103336 0.0057624 9.0411e-09 10 
0.574758 0.150022 0.0103381 0.00566413 9.0411e-09 10 
0.685451 0.146067 0.00942667 0.00603585 9.0411e-09 10 
0.660318 0.157803 0.00942667 0.00495745 9.0411e-09 10 
0.634975 0.127466 0.0081372 0.00534815 9.0411e-09 10 
0.584082 0.19694 0.0119711 0.00601167 9.0411e-09 10 
0.569727 0.163398 0.00955983 0.00655622 9.0411e-09 10 
0.583328 0.169794 0.00955983 0.0078687 9.0411e-09 10 
0.500504 0.147963 0.00955983 0.00812229 9.0411e-09 10 
0.548977 0.157529 0.00955983 0.00769122 9.0411e-09 10 
0.608239 0.146641 0.00827801 0.00730843 9.0411e-09 10 
0.694671 0.131282 0.00794696 0.00651562 9.0411e-09 10 
0.629701 0.139089 0.00766139 0.00617465 9.0411e-09 10 
0.477362 0.0916353 0.00591635 0.00520492 9.0411e-09 10 
0.59144 0.0839353 0.00671741 0.00559086 9.0411e-09 10 
0.536892 0.148531 0.00504686 0.00654021 9.0411e-09 10 
0.661452 0.171855 0.00561203 0.00762049 9.0411e-09 10 
0.639809 0.111173 0.0059513 0.00915362 9.0411e-09 10 
0.619202 0.165691 0.0059513 0.00900218 9.0411e-09 10 
0.596535 0.164322 0.0059513 0.00696492 9.0411e-09 10 
0.533647 0.256778 0.00353075 0.00672658 9.0411e-09 10 
0.559849 0.146868 0.00353075 0.00678904 9.0411e-09 10 
0.566192 0.207958 0.00353075 0.00550881 9.0411e-09 10 
0.522739 0.161416 0.00353075 0.00506445 9.0411e-09 10 
0.556491 0.247638 0.00353075 0.00506445 9.0411e-09 10 
0.47146 0.186532 0.00353075 0.00589231 9.0411e-09 10 
0.545899 0.271668 0.00272057 0.0070122 9.0411e-09 10 
0.549962 0.224779 0.00253452 0.0070122 9.0411e-09 10 
0.33069 0.252828 0.00253452 0.00706261 9.0411e-09 10 
0.375834 0.296255 0.00253452 0.00814506 9.0411e-09 10 
0.523637 0.165146 0.00179543 0.00814496 9.0411e-09 10 
0.395289 0.162697 0.00179543 0.00984775 9.0411e-09 10 
0.451477 0.180381 0.00179543 0.00946756 9.0411e-09 10 
0.679663 0.119478 0.00179543 0.010211 9.0411e-09 10 
0.630152 0.223511 0.00179543 0.010211 9.0411e-09 10 
0.509878 0.146559 0.00179543 0.00913528 9.0411e-09 10 
0.521365 0.197744 0.00534769 0.00725351 9.0411e-09 10 
0.34177 0.238592 0.00534769 0.00754029 9.0411e-09 10 
0.437283 0.223373 0.00534769 0.00758609 9.0411e-09 10 
0.49164 0.308487 0.00386745 0.0082074 9.0411e-09 10 
0.492674 0.168389 0.00386745 0.00751048 9.0411e-09 10 
0.436662 0.208148 0.00459682 0.00716255 9.0411e-09 10 
0.595871 0.14541 0.00459682 0.00707627 9.0411e-09 10 
0.568833 0.200985 0.00459682 0.00642595 9.0411e-09 10 
0.609902 0.178041 0.00459682 0.00768204 9.0411e-09 10 
0.539772 0.205312 0.00459682 0.00910317 9.0411e-09 10 
0.643077 0.162033 0.00372331 0.00784385 9.0411e-09 10 
0.570604 0.147529 0.00140911 0.00620308 9.0411e-09 10 
0.645888 0.1917 0.00431949 0.00663191 9.0411e-09 10 
0.581895 0.0703046 0.00431949 0.00717233 9.0411e-09 10 
0.705558 0.129956 0.00719727 0.00825358 9.0411e-09 10 
0.643023 0.186697 0.00639017 0.010255 9.0411e-09 10 
0.675017 0.146741 0.00594985 0.0104549 9.0411e-09 10 
0.731962 0.133424 0.00230452 0.0106077 9.0411e-09 10 
0.635049 0.106893 0.00230452 0.0106077 9.0411e-09 10 
0.691027 0.149988 0.00230452 0.0125977 9.0411e-09 10 
0.654635 0.159285 0.00230452 0.0138486 9.0411e-09 10 
0.650721 0.182231 0.00446629 0.0152456 9.0411e-09 10 
0.416177 0.157635 0.00446629 0.0159717 9.0411e-09 10 
0.609951 0.13207 0.00446629 0.0153174 9.0411e-09 10 
0.542257 0.113958 0.00446629 0.0148951 9.0411e-09 10 
0.648549 0.11533 0.00446629 0.0134631 9.0411e-09 10 
0.672685 0.12057 0.00472426 0.0138548 9.0411e-09 10 
0.664297 0.142947 0.00738262 0.0143931 9.0411e-09 10 
0.656282 0.0983015 0.00738262 0.0140422 9.0411e-09 10 
0.578886 0.109656 0.00693809 0.0140422 9.0411e-09 10 
0.617775 0.112775 0.0083856 0.0140422 9.0411e-09 10 
0.648509 0.184455 0.0083856 0.0138332 9.0411e-09 10 
0.698562 0.121584 0.00631602 0.0130408 9.0411e-09 10 
0.638189 0.156556 0.00631602 0.0134582 9.0411e-09 10 
0.673371 0.169855 0.00631602 0.0134582 9.0411e-09 10 
0.696483 0.0926714 0.00895541 0.015252 9.0411e-09 10 
0.652016 0.155424 0.00895541 0.0132136 9.0411e-09 10 
0.698319 0.193421 0.0109373 0.0127891 9.0411e-09 10 
0.575332 0.140992 0.0116284 0.0146369 9.0411e-09 10 
0.584475 0.11818 0.00255244 0.0144243 9.0411e-09 10 
0.663377 0.121437 0.00255244 0.0160107 9.0411e-09 10 
0.644004 0.142463 0.00255244 0.0153655 9.0411e-09 10 
0.646538 0.132252 0.0014357 0.0155982 9.0411e-09 10 
0.699247 0.107679 0.0014357 0.013978 9.0411e-09 10 
0.666507 0.136972 0.00109084 0.0149308 9.0411e-09 10 
0.603724 0.200008 0.00301201 0.0154144 9.0411e-09 10 
0.670127 0.133841 0.00524166 0.0141475 9.0411e-09 10 
0.66736 0.149596 0.00524166 0.0135149 9.0411e-09 10 
0.653523 0.215153 0.00524166 0.0128151 9.0411e-09 10 
0.554454 0.0949061 0.00516604 0.0131891 9.0411e-09 10 
0.698974 0.13359 0.00542212 0.0139363 9.0411e-09 10 
0.684653 0.155053 0.00542212 0.013285 9.0411e-09 10 
0.63115 0.195978 0.00542212 0.013075 9.0411e-09 10 
0.512062 0.185187 0.00542212 0.014613 9.0411e-09 10 
0.599425 0.114105 0.00542212 0.0144251 9.0411e-09 10 
0.562024 0.14373 0.00542212 0.0157596 9.0411e-09 10 
0.545825 0.293704 0.00542212 0.0161414 9.0411e-09 10 
0.494311 0.18556 0.00419188 0.0160288 9.0411e-09 10 
0.468045 0.195641 0.00824178 0.0164083 9.0411e-09 10 
0.503988 0.230995 0.00824178 0.0170388 9.0411e-09 10 
0.458855 0.210331 0.00824178 0.0173946 9.0411e-09 10 
0.457173 0.251202 0.00712208 0.0170528 9.0411e-09 10 
0.497213 0.19292 0.00843947 0.0172165 9.0411e-09 10 
0.599488 0.197903 0.00843947 0.017216 9.0411e-09 10 
0.543955 0.207384 0.00843947 0.017216 9.0411e-09 10 
0.543721 0.233444 0.00618218 0.0173536 9.0411e-09 10 
0.694971 0.158163 0.00618218 0.0185427 9.0411e-09 10 
0.708966 0.172496 0.00618218 0.0184639 9.0411e-09 10 
0.768736 0.180019 0.00618218 0.0184639 9.0411e-09 10 
0.663601 0.153281 0.00490196 0.0179303 9.0411e-09 10 
0.537912 0.191523 0.00490196 0.0186044 9.0411e-09 10 
0.473037 0.229239 0.00109877 0.019286 9.0411e-09 10 
0.597283 0.297568 0.00228168 0.017239 9.0411e-09 10 
0.558911 0.166687 0.00228168 0.0174199 9.0411e-09 10 
0.49106 0.231668 0.00228168 0.017669 9.0411e-09 10 
0.570504 0.204243 0.00228168 0.0194341 9.0411e-09 10 
0.562661 0.203011 0.00228168 0.0187714 9.0411e-09 10 
0.4937 0.155528 0.00228168 0.0192023 9.0411e-09 10 
0.554645 0.115238 0.00254014 0.0185003 9.0411e-09 10 
0.511042 0.151436 0.00254014 0.0185003 9.0411e-09 10 
0.523445 0.173549 0.00254014 0.0201521 9.0411e-09 10 
0.556489 0.168432 0.00254014 0.018824 9.0411e-09 10 
0.54255 0.240888 0.00254014 0.0166466 9.0411e-09 10 
0.58365 0.168315 0.00254014 0.0167907 9.0411e-09 10 
0.566326 0.184848 0.00450836 0.0155016 9.0411e-09 10 
0.492062 0.229374 0.00352961 0.017668 9.0411e-09 10 
0.396187 0.192094 0.00392715 0.0165111 9.0411e-09 10 
0.369788 0.228678 0.00392715 0.0161871 9.0411e-09 10 
0.482916 0.182755 0.00392715 0.0160623 9.0411e-09 10 
0.435052 0.190146 0.00392715 0.016702 9.0411e-09 10 
0.517797 0.171315 0.0045319 0.0171048 9.0411e-09 10 
0.535664 0.19674 0.0045319 0.0172978 9.0411e-09 10 
0.623653 0.154191 0.0045319 0.0167679 9.0411e-09 10 
0.609264 0.230517 0.00375862 0.0160596 9.0411e-09 10 
0.598867 0.147269 0.00297463 0.0162029 9.0411e-09 10 
0.599347 0.140844 0.0038831 0.0166508 9.0411e-09 10 
0.529532 0.160106 0.00848352 0.0183665 9.0411e-09 10 
0.493111 0.24338 0.00837198 0.0187926 9.0411e-09 10 
0.501177 0.123609 0.00596102 0.0179059 9.0411e-09 10 
0.588945 0.167974 0.00566832 0.0189887 9.0411e-09 10 
0.464407 0.131747 0.00546943 0.0181573 9.0411e-09 10 
